Mn,Fe,Co,Oxygen Diffusion Coefficient - log(D*)_400C (cm^2/s)
1,0,0,-16.16058438
0.995983936,0,0.004016064,-16.16058438
0.991967871,0,0.008032129,-16.16058438
0.987951807,0,0.012048193,-16.16058438
0.983935743,0,0.016064257,-16.16058438
0.979919679,0,0.020080321,-16.16058438
0.975903614,0,0.024096386,-16.16058438
0.97188755,0,0.02811245,-16.16058438
0.967871486,0,0.032128514,-16.16058438
0.963855422,0,0.036144578,-16.16058438
0.959839357,0,0.040160643,-16.16058438
0.955823293,0,0.044176707,-16.16058438
0.951807229,0,0.048192771,-16.16058438
0.947791165,0,0.052208835,-16.16058438
0.9437751,0,0.0562249,-16.16058438
0.939759036,0,0.060240964,-16.16058438
0.935742972,0,0.064257028,-16.16058438
0.931726908,0,0.068273092,-16.16058438
0.927710843,0,0.072289157,-16.16058438
0.923694779,0,0.076305221,-16.16058438
0.919678715,0,0.080321285,-16.16058438
0.915662651,0,0.084337349,-16.16058438
0.911646586,0,0.088353414,-16.16058438
0.907630522,0,0.092369478,-16.16058438
0.903614458,0,0.096385542,-16.16058438
0.899598394,0,0.100401606,-16.16058438
0.895582329,0,0.104417671,-16.16058438
0.891566265,0,0.108433735,-16.16058438
0.887550201,0,0.112449799,-16.16058438
0.883534137,0,0.116465863,-16.16058438
0.879518072,0,0.120481928,-16.16058438
0.875502008,0,0.124497992,-16.16058438
0.871485944,0,0.128514056,-16.16058438
0.86746988,0,0.13253012,-16.16058438
0.863453815,0,0.136546185,-16.1607467
0.859437751,0,0.140562249,-16.1607467
0.855421687,0,0.144578313,-16.1607467
0.851405622,0,0.148594378,-16.1607467
0.847389558,0,0.152610442,-16.1607467
0.843373494,0,0.156626506,-16.1607467
0.83935743,0,0.16064257,-16.1607467
0.835341365,0,0.164658635,-16.1607467
0.831325301,0,0.168674699,-16.1607467
0.827309237,0,0.172690763,-16.1607467
0.823293173,0,0.176706827,-16.1607467
0.819277108,0,0.180722892,-16.1607467
0.815261044,0,0.184738956,-16.1607467
0.81124498,0,0.18875502,-16.16060537
0.807228916,0,0.192771084,-16.16060537
0.803212851,0,0.196787149,-16.16009495
0.799196787,0,0.200803213,-16.16009495
0.795180723,0,0.204819277,-16.16009495
0.791164659,0,0.208835341,-16.16009495
0.787148594,0,0.212851406,-16.16009495
0.78313253,0,0.21686747,-16.16009495
0.779116466,0,0.220883534,-16.16009495
0.775100402,0,0.224899598,-16.16009495
0.771084337,0,0.228915663,-16.16009495
0.767068273,0,0.232931727,-16.16009495
0.763052209,0,0.236947791,-16.16009495
0.759036145,0,0.240963855,-16.16009495
0.75502008,0,0.24497992,-16.16009495
0.751004016,0,0.248995984,-16.16009495
0.746987952,0,0.253012048,-16.15651515
0.742971888,0,0.257028112,-16.15651515
0.738955823,0,0.261044177,-16.15651515
0.734939759,0,0.265060241,-16.15225365
0.730923695,0,0.269076305,-16.1401754
0.726907631,0,0.273092369,-16.1401754
0.722891566,0,0.277108434,-16.08565824
0.718875502,0,0.281124498,-16.08565824
0.714859438,0,0.285140562,-16.08565824
0.710843373,0,0.289156627,-16.08140645
0.706827309,0,0.293172691,-16.08140645
0.702811245,0,0.297188755,-16.05574628
0.698795181,0,0.301204819,-15.99586835
0.694779116,0,0.305220884,-15.99586835
0.690763052,0,0.309236948,-15.93829213
0.686746988,0,0.313253012,-15.87780367
0.682730924,0,0.317269076,-15.85094319
0.678714859,0,0.321285141,-15.85227563
0.674698795,0,0.325301205,-15.8396163
0.670682731,0,0.329317269,-15.83868229
0.666666667,0,0.333333333,-15.83736169
0.662650602,0,0.337349398,-15.8320993
0.658634538,0,0.341365462,-15.80196379
0.654618474,0,0.345381526,-15.77795794
0.65060241,0,0.34939759,-15.71764492
0.646586345,0,0.353413655,-15.62193443
0.642570281,0,0.357429719,-15.55258997
0.638554217,0,0.361445783,-15.53601269
0.634538153,0,0.365461847,-15.51646828
0.630522088,0,0.369477912,-15.35461034
0.626506024,0,0.373493976,-15.32812206
0.62248996,0,0.37751004,-15.31151024
0.618473896,0,0.381526104,-15.25198859
0.614457831,0,0.385542169,-15.2449486
0.610441767,0,0.389558233,-15.15828056
0.606425703,0,0.393574297,-15.11883838
0.602409639,0,0.397590361,-15.10442372
0.598393574,0,0.401606426,-15.06720915
0.59437751,0,0.40562249,-15.05058793
0.590361446,0,0.409638554,-15.05058793
0.586345382,0,0.413654618,-15.02346262
0.582329317,0,0.417670683,-14.9881946
0.578313253,0,0.421686747,-14.97811099
0.574297189,0,0.425702811,-14.87585095
0.570281124,0,0.429718876,-14.87203813
0.56626506,0,0.43373494,-14.85586144
0.562248996,0,0.437751004,-14.86541445
0.558232932,0,0.441767068,-14.87201561
0.554216867,0,0.445783133,-14.87173643
0.550200803,0,0.449799197,-14.86380344
0.546184739,0,0.453815261,-14.86363232
0.542168675,0,0.457831325,-14.86363232
0.53815261,0,0.46184739,-14.86095491
0.534136546,0,0.465863454,-14.85891435
0.530120482,0,0.469879518,-14.85531981
0.526104418,0,0.473895582,-14.83779252
0.522088353,0,0.477911647,-14.82575064
0.518072289,0,0.481927711,-14.81863222
0.514056225,0,0.485943775,-14.78673101
0.510040161,0,0.489959839,-14.74968885
0.506024096,0,0.493975904,-14.72927679
0.502008032,0,0.497991968,-14.71512704
0.497991968,0,0.502008032,-14.70202181
0.493975904,0,0.506024096,-14.6972405
0.489959839,0,0.510040161,-14.58973477
0.485943775,0,0.514056225,-14.58592847
0.481927711,0,0.518072289,-14.477228
0.477911647,0,0.522088353,-13.94520079
0.473895582,0,0.526104418,-13.8127374
0.469879518,0,0.530120482,-13.73832521
0.465863454,0,0.534136546,-13.47811833
0.46184739,0,0.53815261,-13.44025066
0.457831325,0,0.542168675,-13.44025066
0.453815261,0,0.546184739,-13.44025066
0.449799197,0,0.550200803,-13.43289105
0.445783133,0,0.554216867,-13.43289105
0.441767068,0,0.558232932,-13.42927493
0.437751004,0,0.562248996,-13.42927493
0.43373494,0,0.56626506,-13.42927493
0.429718876,0,0.570281124,-13.42927493
0.425702811,0,0.574297189,-13.42705368
0.421686747,0,0.578313253,-13.42705368
0.417670683,0,0.582329317,-13.42705368
0.413654618,0,0.586345382,-13.4246591
0.409638554,0,0.590361446,-13.42275325
0.40562249,0,0.59437751,-13.42132086
0.401606426,0,0.598393574,-13.39927831
0.397590361,0,0.602409639,-13.37565623
0.393574297,0,0.606425703,-13.36953521
0.389558233,0,0.610441767,-13.36079147
0.385542169,0,0.614457831,-13.35172242
0.381526104,0,0.618473896,-13.34884598
0.37751004,0,0.62248996,-13.34234108
0.373493976,0,0.626506024,-13.34234108
0.369477912,0,0.630522088,-13.34234108
0.365461847,0,0.634538153,-13.34092696
0.361445783,0,0.638554217,-13.34092696
0.357429719,0,0.642570281,-13.34092696
0.353413655,0,0.646586345,-13.33048866
0.34939759,0,0.65060241,-13.32616963
0.345381526,0,0.654618474,-13.32616963
0.341365462,0,0.658634538,-13.3228941
0.337349398,0,0.662650602,-13.32069313
0.333333333,0,0.666666667,-13.32069313
0.329317269,0,0.670682731,-13.32069313
0.325301205,0,0.674698795,-13.32069313
0.321285141,0,0.678714859,-13.32069313
0.317269076,0,0.682730924,-13.31791777
0.313253012,0,0.686746988,-13.31791777
0.309236948,0,0.690763052,-13.31791777
0.305220884,0,0.694779116,-13.31640051
0.301204819,0,0.698795181,-13.31640051
0.297188755,0,0.702811245,-13.31640051
0.293172691,0,0.706827309,-13.31116643
0.289156627,0,0.710843373,-13.30920683
0.285140562,0,0.714859438,-13.30657706
0.281124498,0,0.718875502,-13.30303923
0.277108434,0,0.722891566,-13.29169525
0.273092369,0,0.726907631,-13.25937258
0.269076305,0,0.730923695,-13.25937258
0.265060241,0,0.734939759,-13.25471429
0.261044177,0,0.738955823,-13.25471429
0.257028112,0,0.742971888,-13.24386189
0.253012048,0,0.746987952,-13.15723972
0.248995984,0,0.751004016,-13.15029252
0.24497992,0,0.75502008,-13.13580798
0.240963855,0,0.759036145,-13.12189159
0.236947791,0,0.763052209,-13.10603641
0.232931727,0,0.767068273,-13.09175203
0.228915663,0,0.771084337,-13.09175203
0.224899598,0,0.775100402,-13.08120119
0.220883534,0,0.779116466,-13.08120119
0.21686747,0,0.78313253,-13.06910569
0.212851406,0,0.787148594,-13.06681689
0.208835341,0,0.791164659,-13.06150247
0.204819277,0,0.795180723,-13.06150247
0.200803213,0,0.799196787,-13.06150247
0.196787149,0,0.803212851,-13.0480664
0.192771084,0,0.807228916,-13.04577665
0.18875502,0,0.81124498,-13.04577665
0.184738956,0,0.815261044,-13.04577665
0.180722892,0,0.819277108,-13.04411358
0.176706827,0,0.823293173,-13.04411358
0.172690763,0,0.827309237,-13.04411358
0.168674699,0,0.831325301,-13.04411358
0.164658635,0,0.835341365,-13.04411358
0.16064257,0,0.83935743,-13.04411358
0.156626506,0,0.843373494,-13.04411358
0.152610442,0,0.847389558,-13.04411358
0.148594378,0,0.851405622,-13.04411358
0.144578313,0,0.855421687,-13.03918033
0.140562249,0,0.859437751,-13.03918033
0.136546185,0,0.863453815,-13.03795681
0.13253012,0,0.86746988,-13.03795681
0.128514056,0,0.871485944,-13.02920925
0.124497992,0,0.875502008,-13.01343349
0.120481928,0,0.879518072,-13.01242042
0.116465863,0,0.883534137,-13.01242042
0.112449799,0,0.887550201,-13.01242042
0.108433735,0,0.891566265,-13.01242042
0.104417671,0,0.895582329,-13.01242042
0.100401606,0,0.899598394,-13.01242042
0.096385542,0,0.903614458,-13.01242042
0.092369478,0,0.907630522,-13.01242042
0.088353414,0,0.911646586,-13.01242042
0.084337349,0,0.915662651,-13.01242042
0.080321285,0,0.919678715,-13.01242042
0.076305221,0,0.923694779,-13.01242042
0.072289157,0,0.927710843,-13.01242042
0.068273092,0,0.931726908,-13.01242042
0.064257028,0,0.935742972,-13.01242042
0.060240964,0,0.939759036,-13.01242042
0.0562249,0,0.9437751,-13.01242042
0.052208835,0,0.947791165,-13.01242042
0.048192771,0,0.951807229,-13.01242042
0.044176707,0,0.955823293,-13.01242042
0.040160643,0,0.959839357,-13.01242042
0.036144578,0,0.963855422,-13.01242042
0.032128514,0,0.967871486,-13.01242042
0.02811245,0,0.97188755,-13.01242042
0.024096386,0,0.975903614,-13.01242042
0.020080321,0,0.979919679,-13.01242042
0.016064257,0,0.983935743,-13.01242042
0.012048193,0,0.987951807,-13.01242042
0.008032129,0,0.991967871,-13.01242042
0.004016064,0,0.995983936,-13.01242042
0,0,1,-13.01242042
0.995983936,0.004016064,0,-16.16058438
0.991967871,0.004016064,0.004016064,-16.16058438
0.987951807,0.004016064,0.008032129,-16.16058438
0.983935743,0.004016064,0.012048193,-16.16058438
0.979919679,0.004016064,0.016064257,-16.16058438
0.975903614,0.004016064,0.020080321,-16.16058438
0.97188755,0.004016064,0.024096386,-16.16058438
0.967871486,0.004016064,0.02811245,-16.16058438
0.963855422,0.004016064,0.032128514,-16.16058438
0.959839357,0.004016064,0.036144578,-16.16058438
0.955823293,0.004016064,0.040160643,-16.16058438
0.951807229,0.004016064,0.044176707,-16.16058438
0.947791165,0.004016064,0.048192771,-16.16058438
0.9437751,0.004016064,0.052208835,-16.16058438
0.939759036,0.004016064,0.0562249,-16.16058438
0.935742972,0.004016064,0.060240964,-16.16058438
0.931726908,0.004016064,0.064257028,-16.16058438
0.927710843,0.004016064,0.068273092,-16.16058438
0.923694779,0.004016064,0.072289157,-16.16058438
0.919678715,0.004016064,0.076305221,-16.16058438
0.915662651,0.004016064,0.080321285,-16.16058438
0.911646586,0.004016064,0.084337349,-16.16058438
0.907630522,0.004016064,0.088353414,-16.16058438
0.903614458,0.004016064,0.092369478,-16.16058438
0.899598394,0.004016064,0.096385542,-16.16058438
0.895582329,0.004016064,0.100401606,-16.16058438
0.891566265,0.004016064,0.104417671,-16.16058438
0.887550201,0.004016064,0.108433735,-16.16058438
0.883534137,0.004016064,0.112449799,-16.16058438
0.879518072,0.004016064,0.116465863,-16.16058438
0.875502008,0.004016064,0.120481928,-16.16058438
0.871485944,0.004016064,0.124497992,-16.16058438
0.86746988,0.004016064,0.128514056,-16.16058438
0.863453815,0.004016064,0.13253012,-16.16058438
0.859437751,0.004016064,0.136546185,-16.1607467
0.855421687,0.004016064,0.140562249,-16.1607467
0.851405622,0.004016064,0.144578313,-16.1607467
0.847389558,0.004016064,0.148594378,-16.1607467
0.843373494,0.004016064,0.152610442,-16.1607467
0.83935743,0.004016064,0.156626506,-16.1607467
0.835341365,0.004016064,0.16064257,-16.1607467
0.831325301,0.004016064,0.164658635,-16.1607467
0.827309237,0.004016064,0.168674699,-16.1607467
0.823293173,0.004016064,0.172690763,-16.1607467
0.819277108,0.004016064,0.176706827,-16.1607467
0.815261044,0.004016064,0.180722892,-16.1607467
0.81124498,0.004016064,0.184738956,-16.1607467
0.807228916,0.004016064,0.18875502,-16.16060537
0.803212851,0.004016064,0.192771084,-16.16060537
0.799196787,0.004016064,0.196787149,-16.16009495
0.795180723,0.004016064,0.200803213,-16.16009495
0.791164659,0.004016064,0.204819277,-16.16009495
0.787148594,0.004016064,0.208835341,-16.16009495
0.78313253,0.004016064,0.212851406,-16.16009495
0.779116466,0.004016064,0.21686747,-16.16009495
0.775100402,0.004016064,0.220883534,-16.16009495
0.771084337,0.004016064,0.224899598,-16.16009495
0.767068273,0.004016064,0.228915663,-16.16009495
0.763052209,0.004016064,0.232931727,-16.16009495
0.759036145,0.004016064,0.236947791,-16.16009495
0.75502008,0.004016064,0.240963855,-16.16009495
0.751004016,0.004016064,0.24497992,-16.16009495
0.746987952,0.004016064,0.248995984,-16.16009495
0.742971888,0.004016064,0.253012048,-16.15651515
0.738955823,0.004016064,0.257028112,-16.15651515
0.734939759,0.004016064,0.261044177,-16.15651515
0.730923695,0.004016064,0.265060241,-16.15225365
0.726907631,0.004016064,0.269076305,-16.1401754
0.722891566,0.004016064,0.273092369,-16.1401754
0.718875502,0.004016064,0.277108434,-16.08565824
0.714859438,0.004016064,0.281124498,-16.08565824
0.710843373,0.004016064,0.285140562,-16.08565824
0.706827309,0.004016064,0.289156627,-16.08140645
0.702811245,0.004016064,0.293172691,-16.08140645
0.698795181,0.004016064,0.297188755,-16.05574628
0.694779116,0.004016064,0.301204819,-15.99586835
0.690763052,0.004016064,0.305220884,-15.99586835
0.686746988,0.004016064,0.309236948,-15.93829213
0.682730924,0.004016064,0.313253012,-15.87666846
0.678714859,0.004016064,0.317269076,-15.85094319
0.674698795,0.004016064,0.321285141,-15.85227563
0.670682731,0.004016064,0.325301205,-15.8396163
0.666666667,0.004016064,0.329317269,-15.83736169
0.662650602,0.004016064,0.333333333,-15.8320993
0.658634538,0.004016064,0.337349398,-15.80196379
0.654618474,0.004016064,0.341365462,-15.78083922
0.65060241,0.004016064,0.345381526,-15.71764492
0.646586345,0.004016064,0.34939759,-15.63251694
0.642570281,0.004016064,0.353413655,-15.61654379
0.638554217,0.004016064,0.357429719,-15.54813821
0.634538153,0.004016064,0.361445783,-15.53329609
0.630522088,0.004016064,0.365461847,-15.40140175
0.626506024,0.004016064,0.369477912,-15.33596523
0.62248996,0.004016064,0.373493976,-15.32081983
0.618473896,0.004016064,0.37751004,-15.25020507
0.614457831,0.004016064,0.381526104,-15.2449486
0.610441767,0.004016064,0.385542169,-15.17701252
0.606425703,0.004016064,0.389558233,-15.15592871
0.602409639,0.004016064,0.393574297,-15.10661051
0.598393574,0.004016064,0.397590361,-15.06958163
0.59437751,0.004016064,0.401606426,-15.06040259
0.590361446,0.004016064,0.40562249,-15.05058793
0.586345382,0.004016064,0.409638554,-15.02346262
0.582329317,0.004016064,0.413654618,-14.9881946
0.578313253,0.004016064,0.417670683,-14.97811099
0.574297189,0.004016064,0.421686747,-14.88336145
0.570281124,0.004016064,0.425702811,-14.87203813
0.56626506,0.004016064,0.429718876,-14.86376341
0.562248996,0.004016064,0.43373494,-14.86541445
0.558232932,0.004016064,0.437751004,-14.87560006
0.554216867,0.004016064,0.441767068,-14.88005693
0.550200803,0.004016064,0.445783133,-14.86380344
0.546184739,0.004016064,0.449799197,-14.86363232
0.542168675,0.004016064,0.453815261,-14.86363232
0.53815261,0.004016064,0.457831325,-14.86363232
0.534136546,0.004016064,0.46184739,-14.85891435
0.530120482,0.004016064,0.465863454,-14.85531981
0.526104418,0.004016064,0.469879518,-14.83779252
0.522088353,0.004016064,0.473895582,-14.83338746
0.518072289,0.004016064,0.477911647,-14.81863222
0.514056225,0.004016064,0.481927711,-14.80021733
0.510040161,0.004016064,0.485943775,-14.75389977
0.506024096,0.004016064,0.489959839,-14.73745466
0.502008032,0.004016064,0.493975904,-14.72576168
0.497991968,0.004016064,0.497991968,-14.70202181
0.493975904,0.004016064,0.502008032,-14.6972405
0.489959839,0.004016064,0.506024096,-14.58973477
0.485943775,0.004016064,0.510040161,-14.58592847
0.481927711,0.004016064,0.514056225,-14.52747707
0.477911647,0.004016064,0.518072289,-14.47384306
0.473895582,0.004016064,0.522088353,-13.94287551
0.469879518,0.004016064,0.526104418,-13.8127374
0.465863454,0.004016064,0.530120482,-13.7253356
0.46184739,0.004016064,0.534136546,-13.47811833
0.457831325,0.004016064,0.53815261,-13.44025066
0.453815261,0.004016064,0.542168675,-13.44025066
0.449799197,0.004016064,0.546184739,-13.44025066
0.445783133,0.004016064,0.550200803,-13.43289105
0.441767068,0.004016064,0.554216867,-13.43289105
0.437751004,0.004016064,0.558232932,-13.42927493
0.43373494,0.004016064,0.562248996,-13.42927493
0.429718876,0.004016064,0.56626506,-13.42927493
0.425702811,0.004016064,0.570281124,-13.42927493
0.421686747,0.004016064,0.574297189,-13.42705368
0.417670683,0.004016064,0.578313253,-13.42705368
0.413654618,0.004016064,0.582329317,-13.42705368
0.409638554,0.004016064,0.586345382,-13.4246591
0.40562249,0.004016064,0.590361446,-13.42275325
0.401606426,0.004016064,0.59437751,-13.42132086
0.397590361,0.004016064,0.598393574,-13.39927831
0.393574297,0.004016064,0.602409639,-13.37565623
0.389558233,0.004016064,0.606425703,-13.36953521
0.385542169,0.004016064,0.610441767,-13.36079147
0.381526104,0.004016064,0.614457831,-13.35172242
0.37751004,0.004016064,0.618473896,-13.34884598
0.373493976,0.004016064,0.62248996,-13.34234108
0.369477912,0.004016064,0.626506024,-13.34234108
0.365461847,0.004016064,0.630522088,-13.34234108
0.361445783,0.004016064,0.634538153,-13.34092696
0.357429719,0.004016064,0.638554217,-13.34092696
0.353413655,0.004016064,0.642570281,-13.34092696
0.34939759,0.004016064,0.646586345,-13.33048866
0.345381526,0.004016064,0.65060241,-13.32616963
0.341365462,0.004016064,0.654618474,-13.3228941
0.337349398,0.004016064,0.658634538,-13.3228941
0.333333333,0.004016064,0.662650602,-13.32069313
0.329317269,0.004016064,0.666666667,-13.32069313
0.325301205,0.004016064,0.670682731,-13.32069313
0.321285141,0.004016064,0.674698795,-13.32069313
0.317269076,0.004016064,0.678714859,-13.32069313
0.313253012,0.004016064,0.682730924,-13.31791777
0.309236948,0.004016064,0.686746988,-13.31791777
0.305220884,0.004016064,0.690763052,-13.31640051
0.301204819,0.004016064,0.694779116,-13.31640051
0.297188755,0.004016064,0.698795181,-13.31640051
0.293172691,0.004016064,0.702811245,-13.31116643
0.289156627,0.004016064,0.706827309,-13.30920683
0.285140562,0.004016064,0.710843373,-13.30657706
0.281124498,0.004016064,0.714859438,-13.30657706
0.277108434,0.004016064,0.718875502,-13.29772603
0.273092369,0.004016064,0.722891566,-13.28809853
0.269076305,0.004016064,0.726907631,-13.25937258
0.265060241,0.004016064,0.730923695,-13.25937258
0.261044177,0.004016064,0.734939759,-13.25471429
0.257028112,0.004016064,0.738955823,-13.25471429
0.253012048,0.004016064,0.742971888,-13.24386189
0.248995984,0.004016064,0.746987952,-13.15723972
0.24497992,0.004016064,0.751004016,-13.15029252
0.240963855,0.004016064,0.75502008,-13.13255733
0.236947791,0.004016064,0.759036145,-13.12189159
0.232931727,0.004016064,0.763052209,-13.09642687
0.228915663,0.004016064,0.767068273,-13.09175203
0.224899598,0.004016064,0.771084337,-13.08120119
0.220883534,0.004016064,0.775100402,-13.08120119
0.21686747,0.004016064,0.779116466,-13.06910569
0.212851406,0.004016064,0.78313253,-13.06681689
0.208835341,0.004016064,0.787148594,-13.06150247
0.204819277,0.004016064,0.791164659,-13.06150247
0.200803213,0.004016064,0.795180723,-13.06150247
0.196787149,0.004016064,0.799196787,-13.0480664
0.192771084,0.004016064,0.803212851,-13.04577665
0.18875502,0.004016064,0.807228916,-13.04577665
0.184738956,0.004016064,0.81124498,-13.04577665
0.180722892,0.004016064,0.815261044,-13.04411358
0.176706827,0.004016064,0.819277108,-13.04411358
0.172690763,0.004016064,0.823293173,-13.04411358
0.168674699,0.004016064,0.827309237,-13.04411358
0.164658635,0.004016064,0.831325301,-13.04411358
0.16064257,0.004016064,0.835341365,-13.04411358
0.156626506,0.004016064,0.83935743,-13.04411358
0.152610442,0.004016064,0.843373494,-13.04411358
0.148594378,0.004016064,0.847389558,-13.04411358
0.144578313,0.004016064,0.851405622,-13.03918033
0.140562249,0.004016064,0.855421687,-13.03918033
0.136546185,0.004016064,0.859437751,-13.03795681
0.13253012,0.004016064,0.863453815,-13.03795681
0.128514056,0.004016064,0.86746988,-13.02920925
0.124497992,0.004016064,0.871485944,-13.01343349
0.120481928,0.004016064,0.875502008,-13.01242042
0.116465863,0.004016064,0.879518072,-13.01242042
0.112449799,0.004016064,0.883534137,-13.01242042
0.108433735,0.004016064,0.887550201,-13.01242042
0.104417671,0.004016064,0.891566265,-13.01242042
0.100401606,0.004016064,0.895582329,-13.01242042
0.096385542,0.004016064,0.899598394,-13.01242042
0.092369478,0.004016064,0.903614458,-13.01242042
0.088353414,0.004016064,0.907630522,-13.01242042
0.084337349,0.004016064,0.911646586,-13.01242042
0.080321285,0.004016064,0.915662651,-13.01242042
0.076305221,0.004016064,0.919678715,-13.01242042
0.072289157,0.004016064,0.923694779,-13.01242042
0.068273092,0.004016064,0.927710843,-13.01242042
0.064257028,0.004016064,0.931726908,-13.01242042
0.060240964,0.004016064,0.935742972,-13.01242042
0.0562249,0.004016064,0.939759036,-13.01242042
0.052208835,0.004016064,0.9437751,-13.01242042
0.048192771,0.004016064,0.947791165,-13.01242042
0.044176707,0.004016064,0.951807229,-13.01242042
0.040160643,0.004016064,0.955823293,-13.01242042
0.036144578,0.004016064,0.959839357,-13.01242042
0.032128514,0.004016064,0.963855422,-13.01242042
0.02811245,0.004016064,0.967871486,-13.01242042
0.024096386,0.004016064,0.97188755,-13.01242042
0.020080321,0.004016064,0.975903614,-13.01242042
0.016064257,0.004016064,0.979919679,-13.01242042
0.012048193,0.004016064,0.983935743,-13.01242042
0.008032129,0.004016064,0.987951807,-13.01242042
0.004016064,0.004016064,0.991967871,-13.01242042
0,0.004016064,0.995983936,-13.01242042
0.991967871,0.008032129,0,-16.16058438
0.987951807,0.008032129,0.004016064,-16.16058438
0.983935743,0.008032129,0.008032129,-16.16058438
0.979919679,0.008032129,0.012048193,-16.16058438
0.975903614,0.008032129,0.016064257,-16.16058438
0.97188755,0.008032129,0.020080321,-16.16058438
0.967871486,0.008032129,0.024096386,-16.16058438
0.963855422,0.008032129,0.02811245,-16.16058438
0.959839357,0.008032129,0.032128514,-16.16058438
0.955823293,0.008032129,0.036144578,-16.16058438
0.951807229,0.008032129,0.040160643,-16.16058438
0.947791165,0.008032129,0.044176707,-16.16058438
0.9437751,0.008032129,0.048192771,-16.16058438
0.939759036,0.008032129,0.052208835,-16.16058438
0.935742972,0.008032129,0.0562249,-16.16058438
0.931726908,0.008032129,0.060240964,-16.16058438
0.927710843,0.008032129,0.064257028,-16.16058438
0.923694779,0.008032129,0.068273092,-16.16058438
0.919678715,0.008032129,0.072289157,-16.16058438
0.915662651,0.008032129,0.076305221,-16.16058438
0.911646586,0.008032129,0.080321285,-16.16058438
0.907630522,0.008032129,0.084337349,-16.16058438
0.903614458,0.008032129,0.088353414,-16.16058438
0.899598394,0.008032129,0.092369478,-16.16058438
0.895582329,0.008032129,0.096385542,-16.16058438
0.891566265,0.008032129,0.100401606,-16.16058438
0.887550201,0.008032129,0.104417671,-16.16058438
0.883534137,0.008032129,0.108433735,-16.16058438
0.879518072,0.008032129,0.112449799,-16.16058438
0.875502008,0.008032129,0.116465863,-16.16058438
0.871485944,0.008032129,0.120481928,-16.16058438
0.86746988,0.008032129,0.124497992,-16.16058438
0.863453815,0.008032129,0.128514056,-16.16058438
0.859437751,0.008032129,0.13253012,-16.16058438
0.855421687,0.008032129,0.136546185,-16.1607467
0.851405622,0.008032129,0.140562249,-16.1607467
0.847389558,0.008032129,0.144578313,-16.1607467
0.843373494,0.008032129,0.148594378,-16.1607467
0.83935743,0.008032129,0.152610442,-16.1607467
0.835341365,0.008032129,0.156626506,-16.1607467
0.831325301,0.008032129,0.16064257,-16.1607467
0.827309237,0.008032129,0.164658635,-16.1607467
0.823293173,0.008032129,0.168674699,-16.1607467
0.819277108,0.008032129,0.172690763,-16.1607467
0.815261044,0.008032129,0.176706827,-16.1607467
0.81124498,0.008032129,0.180722892,-16.1607467
0.807228916,0.008032129,0.184738956,-16.1607467
0.803212851,0.008032129,0.18875502,-16.16060537
0.799196787,0.008032129,0.192771084,-16.16060537
0.795180723,0.008032129,0.196787149,-16.16009495
0.791164659,0.008032129,0.200803213,-16.16009495
0.787148594,0.008032129,0.204819277,-16.16009495
0.78313253,0.008032129,0.208835341,-16.16009495
0.779116466,0.008032129,0.212851406,-16.16009495
0.775100402,0.008032129,0.21686747,-16.16009495
0.771084337,0.008032129,0.220883534,-16.16009495
0.767068273,0.008032129,0.224899598,-16.16009495
0.763052209,0.008032129,0.228915663,-16.16009495
0.759036145,0.008032129,0.232931727,-16.16009495
0.75502008,0.008032129,0.236947791,-16.16009495
0.751004016,0.008032129,0.240963855,-16.16009495
0.746987952,0.008032129,0.24497992,-16.16009495
0.742971888,0.008032129,0.248995984,-16.16009495
0.738955823,0.008032129,0.253012048,-16.15651515
0.734939759,0.008032129,0.257028112,-16.15651515
0.730923695,0.008032129,0.261044177,-16.15651515
0.726907631,0.008032129,0.265060241,-16.15225365
0.722891566,0.008032129,0.269076305,-16.1401754
0.718875502,0.008032129,0.273092369,-16.1401754
0.714859438,0.008032129,0.277108434,-16.08565824
0.710843373,0.008032129,0.281124498,-16.08565824
0.706827309,0.008032129,0.285140562,-16.08565824
0.702811245,0.008032129,0.289156627,-16.08140645
0.698795181,0.008032129,0.293172691,-16.08140645
0.694779116,0.008032129,0.297188755,-16.05574628
0.690763052,0.008032129,0.301204819,-15.99586835
0.686746988,0.008032129,0.305220884,-15.99586835
0.682730924,0.008032129,0.309236948,-15.93715691
0.678714859,0.008032129,0.313253012,-15.87666846
0.674698795,0.008032129,0.317269076,-15.85094319
0.670682731,0.008032129,0.321285141,-15.85227563
0.666666667,0.008032129,0.325301205,-15.83829571
0.662650602,0.008032129,0.329317269,-15.8320993
0.658634538,0.008032129,0.333333333,-15.80196379
0.654618474,0.008032129,0.337349398,-15.78083922
0.65060241,0.008032129,0.341365462,-15.72052621
0.646586345,0.008032129,0.345381526,-15.63251694
0.642570281,0.008032129,0.34939759,-15.6271263
0.638554217,0.008032129,0.353413655,-15.61209203
0.634538153,0.008032129,0.357429719,-15.54542161
0.630522088,0.008032129,0.361445783,-15.41802118
0.626506024,0.008032129,0.365461847,-15.38668485
0.62248996,0.008032129,0.369477912,-15.32866301
0.618473896,0.008032129,0.373493976,-15.25951466
0.614457831,0.008032129,0.37751004,-15.24316508
0.610441767,0.008032129,0.381526104,-15.17701252
0.606425703,0.008032129,0.385542169,-15.17466066
0.602409639,0.008032129,0.389558233,-15.14598642
0.598393574,0.008032129,0.393574297,-15.07176842
0.59437751,0.008032129,0.397590361,-15.06277507
0.590361446,0.008032129,0.401606426,-15.06040259
0.586345382,0.008032129,0.40562249,-15.02346262
0.582329317,0.008032129,0.409638554,-14.9881946
0.578313253,0.008032129,0.413654618,-14.97811099
0.574297189,0.008032129,0.417670683,-14.88336145
0.570281124,0.008032129,0.421686747,-14.87954862
0.56626506,0.008032129,0.425702811,-14.86376341
0.562248996,0.008032129,0.429718876,-14.87331641
0.558232932,0.008032129,0.43373494,-14.87560006
0.554216867,0.008032129,0.437751004,-14.88364138
0.550200803,0.008032129,0.441767068,-14.87212395
0.546184739,0.008032129,0.445783133,-14.86363232
0.542168675,0.008032129,0.449799197,-14.86363232
0.53815261,0.008032129,0.453815261,-14.86363232
0.534136546,0.008032129,0.457831325,-14.86159175
0.530120482,0.008032129,0.46184739,-14.85531981
0.526104418,0.008032129,0.465863454,-14.83779252
0.522088353,0.008032129,0.469879518,-14.83338746
0.518072289,0.008032129,0.473895582,-14.82626905
0.514056225,0.008032129,0.477911647,-14.80021733
0.510040161,0.008032129,0.481927711,-14.7673861
0.506024096,0.008032129,0.485943775,-14.74166559
0.502008032,0.008032129,0.489959839,-14.73393955
0.497991968,0.008032129,0.493975904,-14.71265645
0.493975904,0.008032129,0.497991968,-14.6972405
0.489959839,0.008032129,0.502008032,-14.58973477
0.485943775,0.008032129,0.506024096,-14.58592847
0.481927711,0.008032129,0.510040161,-14.52747707
0.477911647,0.008032129,0.514056225,-14.52409214
0.473895582,0.008032129,0.518072289,-14.47151779
0.469879518,0.008032129,0.522088353,-13.94287551
0.465863454,0.008032129,0.526104418,-13.79665846
0.46184739,0.008032129,0.530120482,-13.72412431
0.457831325,0.008032129,0.534136546,-13.47811833
0.453815261,0.008032129,0.53815261,-13.44025066
0.449799197,0.008032129,0.542168675,-13.44025066
0.445783133,0.008032129,0.546184739,-13.44025066
0.441767068,0.008032129,0.550200803,-13.43289105
0.437751004,0.008032129,0.554216867,-13.43289105
0.43373494,0.008032129,0.558232932,-13.42927493
0.429718876,0.008032129,0.562248996,-13.42927493
0.425702811,0.008032129,0.56626506,-13.42927493
0.421686747,0.008032129,0.570281124,-13.42927493
0.417670683,0.008032129,0.574297189,-13.42705368
0.413654618,0.008032129,0.578313253,-13.42705368
0.409638554,0.008032129,0.582329317,-13.42705368
0.40562249,0.008032129,0.586345382,-13.4246591
0.401606426,0.008032129,0.590361446,-13.42275325
0.397590361,0.008032129,0.59437751,-13.42132086
0.393574297,0.008032129,0.598393574,-13.39927831
0.389558233,0.008032129,0.602409639,-13.37565623
0.385542169,0.008032129,0.606425703,-13.36953521
0.381526104,0.008032129,0.610441767,-13.36079147
0.37751004,0.008032129,0.614457831,-13.35172242
0.373493976,0.008032129,0.618473896,-13.34884598
0.369477912,0.008032129,0.62248996,-13.34234108
0.365461847,0.008032129,0.626506024,-13.34234108
0.361445783,0.008032129,0.630522088,-13.34234108
0.357429719,0.008032129,0.634538153,-13.34092696
0.353413655,0.008032129,0.638554217,-13.34092696
0.34939759,0.008032129,0.642570281,-13.34092696
0.345381526,0.008032129,0.646586345,-13.33048866
0.341365462,0.008032129,0.65060241,-13.3228941
0.337349398,0.008032129,0.654618474,-13.3228941
0.333333333,0.008032129,0.658634538,-13.3228941
0.329317269,0.008032129,0.662650602,-13.32069313
0.325301205,0.008032129,0.666666667,-13.32069313
0.321285141,0.008032129,0.670682731,-13.32069313
0.317269076,0.008032129,0.674698795,-13.32069313
0.313253012,0.008032129,0.678714859,-13.32069313
0.309236948,0.008032129,0.682730924,-13.31791777
0.305220884,0.008032129,0.686746988,-13.31640051
0.301204819,0.008032129,0.690763052,-13.31640051
0.297188755,0.008032129,0.694779116,-13.31640051
0.293172691,0.008032129,0.698795181,-13.31116643
0.289156627,0.008032129,0.702811245,-13.30920683
0.285140562,0.008032129,0.706827309,-13.30657706
0.281124498,0.008032129,0.710843373,-13.30657706
0.277108434,0.008032129,0.714859438,-13.30126386
0.273092369,0.008032129,0.718875502,-13.29412931
0.269076305,0.008032129,0.722891566,-13.28809853
0.265060241,0.008032129,0.726907631,-13.25937258
0.261044177,0.008032129,0.730923695,-13.25937258
0.257028112,0.008032129,0.734939759,-13.25471429
0.253012048,0.008032129,0.738955823,-13.25471429
0.248995984,0.008032129,0.742971888,-13.24386189
0.24497992,0.008032129,0.746987952,-13.15723972
0.240963855,0.008032129,0.751004016,-13.14704187
0.236947791,0.008032129,0.75502008,-13.13057863
0.232931727,0.008032129,0.759036145,-13.11228205
0.228915663,0.008032129,0.763052209,-13.09642687
0.224899598,0.008032129,0.767068273,-13.08120119
0.220883534,0.008032129,0.771084337,-13.08120119
0.21686747,0.008032129,0.775100402,-13.06910569
0.212851406,0.008032129,0.779116466,-13.06681689
0.208835341,0.008032129,0.78313253,-13.06150247
0.204819277,0.008032129,0.787148594,-13.06150247
0.200803213,0.008032129,0.791164659,-13.06150247
0.196787149,0.008032129,0.795180723,-13.0480664
0.192771084,0.008032129,0.799196787,-13.04577665
0.18875502,0.008032129,0.803212851,-13.04577665
0.184738956,0.008032129,0.807228916,-13.04577665
0.180722892,0.008032129,0.81124498,-13.04411358
0.176706827,0.008032129,0.815261044,-13.04411358
0.172690763,0.008032129,0.819277108,-13.04411358
0.168674699,0.008032129,0.823293173,-13.04411358
0.164658635,0.008032129,0.827309237,-13.04411358
0.16064257,0.008032129,0.831325301,-13.04411358
0.156626506,0.008032129,0.835341365,-13.04411358
0.152610442,0.008032129,0.83935743,-13.04411358
0.148594378,0.008032129,0.843373494,-13.04411358
0.144578313,0.008032129,0.847389558,-13.03918033
0.140562249,0.008032129,0.851405622,-13.03918033
0.136546185,0.008032129,0.855421687,-13.03795681
0.13253012,0.008032129,0.859437751,-13.03795681
0.128514056,0.008032129,0.863453815,-13.02920925
0.124497992,0.008032129,0.86746988,-13.01343349
0.120481928,0.008032129,0.871485944,-13.01242042
0.116465863,0.008032129,0.875502008,-13.01242042
0.112449799,0.008032129,0.879518072,-13.01242042
0.108433735,0.008032129,0.883534137,-13.01242042
0.104417671,0.008032129,0.887550201,-13.01242042
0.100401606,0.008032129,0.891566265,-13.01242042
0.096385542,0.008032129,0.895582329,-13.01242042
0.092369478,0.008032129,0.899598394,-13.01242042
0.088353414,0.008032129,0.903614458,-13.01242042
0.084337349,0.008032129,0.907630522,-13.01242042
0.080321285,0.008032129,0.911646586,-13.01242042
0.076305221,0.008032129,0.915662651,-13.01242042
0.072289157,0.008032129,0.919678715,-13.01242042
0.068273092,0.008032129,0.923694779,-13.01242042
0.064257028,0.008032129,0.927710843,-13.01242042
0.060240964,0.008032129,0.931726908,-13.01242042
0.0562249,0.008032129,0.935742972,-13.01242042
0.052208835,0.008032129,0.939759036,-13.01242042
0.048192771,0.008032129,0.9437751,-13.01242042
0.044176707,0.008032129,0.947791165,-13.01242042
0.040160643,0.008032129,0.951807229,-13.01242042
0.036144578,0.008032129,0.955823293,-13.01242042
0.032128514,0.008032129,0.959839357,-13.01242042
0.02811245,0.008032129,0.963855422,-13.01242042
0.024096386,0.008032129,0.967871486,-13.01242042
0.020080321,0.008032129,0.97188755,-13.01242042
0.016064257,0.008032129,0.975903614,-13.01242042
0.012048193,0.008032129,0.979919679,-13.01242042
0.008032129,0.008032129,0.983935743,-13.01242042
0.004016064,0.008032129,0.987951807,-13.01242042
1.11E-16,0.008032129,0.991967871,-13.01242042
0.987951807,0.012048193,0,-16.16058438
0.983935743,0.012048193,0.004016064,-16.16058438
0.979919679,0.012048193,0.008032129,-16.16058438
0.975903614,0.012048193,0.012048193,-16.16058438
0.97188755,0.012048193,0.016064257,-16.16058438
0.967871486,0.012048193,0.020080321,-16.16058438
0.963855422,0.012048193,0.024096386,-16.16058438
0.959839357,0.012048193,0.02811245,-16.16058438
0.955823293,0.012048193,0.032128514,-16.16058438
0.951807229,0.012048193,0.036144578,-16.16058438
0.947791165,0.012048193,0.040160643,-16.16058438
0.9437751,0.012048193,0.044176707,-16.16058438
0.939759036,0.012048193,0.048192771,-16.16058438
0.935742972,0.012048193,0.052208835,-16.16058438
0.931726908,0.012048193,0.0562249,-16.16058438
0.927710843,0.012048193,0.060240964,-16.16058438
0.923694779,0.012048193,0.064257028,-16.16058438
0.919678715,0.012048193,0.068273092,-16.16058438
0.915662651,0.012048193,0.072289157,-16.16058438
0.911646586,0.012048193,0.076305221,-16.16058438
0.907630522,0.012048193,0.080321285,-16.16058438
0.903614458,0.012048193,0.084337349,-16.16058438
0.899598394,0.012048193,0.088353414,-16.16058438
0.895582329,0.012048193,0.092369478,-16.16058438
0.891566265,0.012048193,0.096385542,-16.16058438
0.887550201,0.012048193,0.100401606,-16.16058438
0.883534137,0.012048193,0.104417671,-16.16058438
0.879518072,0.012048193,0.108433735,-16.16058438
0.875502008,0.012048193,0.112449799,-16.16058438
0.871485944,0.012048193,0.116465863,-16.16058438
0.86746988,0.012048193,0.120481928,-16.16058438
0.863453815,0.012048193,0.124497992,-16.16058438
0.859437751,0.012048193,0.128514056,-16.16058438
0.855421687,0.012048193,0.13253012,-16.16058438
0.851405622,0.012048193,0.136546185,-16.1607467
0.847389558,0.012048193,0.140562249,-16.1607467
0.843373494,0.012048193,0.144578313,-16.1607467
0.83935743,0.012048193,0.148594378,-16.1607467
0.835341365,0.012048193,0.152610442,-16.1607467
0.831325301,0.012048193,0.156626506,-16.1607467
0.827309237,0.012048193,0.16064257,-16.1607467
0.823293173,0.012048193,0.164658635,-16.1607467
0.819277108,0.012048193,0.168674699,-16.1607467
0.815261044,0.012048193,0.172690763,-16.1607467
0.81124498,0.012048193,0.176706827,-16.1607467
0.807228916,0.012048193,0.180722892,-16.1607467
0.803212851,0.012048193,0.184738956,-16.1607467
0.799196787,0.012048193,0.18875502,-16.16060537
0.795180723,0.012048193,0.192771084,-16.16060537
0.791164659,0.012048193,0.196787149,-16.16009495
0.787148594,0.012048193,0.200803213,-16.16009495
0.78313253,0.012048193,0.204819277,-16.16009495
0.779116466,0.012048193,0.208835341,-16.16009495
0.775100402,0.012048193,0.212851406,-16.16009495
0.771084337,0.012048193,0.21686747,-16.16009495
0.767068273,0.012048193,0.220883534,-16.16009495
0.763052209,0.012048193,0.224899598,-16.16009495
0.759036145,0.012048193,0.228915663,-16.16009495
0.75502008,0.012048193,0.232931727,-16.16009495
0.751004016,0.012048193,0.236947791,-16.16009495
0.746987952,0.012048193,0.240963855,-16.16009495
0.742971888,0.012048193,0.24497992,-16.16009495
0.738955823,0.012048193,0.248995984,-16.16009495
0.734939759,0.012048193,0.253012048,-16.15651515
0.730923695,0.012048193,0.257028112,-16.15651515
0.726907631,0.012048193,0.261044177,-16.15651515
0.722891566,0.012048193,0.265060241,-16.15225365
0.718875502,0.012048193,0.269076305,-16.1401754
0.714859438,0.012048193,0.273092369,-16.1401754
0.710843373,0.012048193,0.277108434,-16.08565824
0.706827309,0.012048193,0.281124498,-16.08565824
0.702811245,0.012048193,0.285140562,-16.08565824
0.698795181,0.012048193,0.289156627,-16.08140645
0.694779116,0.012048193,0.293172691,-16.08140645
0.690763052,0.012048193,0.297188755,-16.05574628
0.686746988,0.012048193,0.301204819,-15.99586835
0.682730924,0.012048193,0.305220884,-15.99353171
0.678714859,0.012048193,0.309236948,-15.93715691
0.674698795,0.012048193,0.313253012,-15.87666846
0.670682731,0.012048193,0.317269076,-15.85094319
0.666666667,0.012048193,0.321285141,-15.85095503
0.662650602,0.012048193,0.325301205,-15.83303332
0.658634538,0.012048193,0.329317269,-15.80196379
0.654618474,0.012048193,0.333333333,-15.78083922
0.65060241,0.012048193,0.337349398,-15.72052621
0.646586345,0.012048193,0.341365462,-15.63539822
0.642570281,0.012048193,0.345381526,-15.6271263
0.638554217,0.012048193,0.34939759,-15.62267453
0.634538153,0.012048193,0.353413655,-15.60937543
0.630522088,0.012048193,0.357429719,-15.4301467
0.626506024,0.012048193,0.361445783,-15.40330429
0.62248996,0.012048193,0.365461847,-15.37938263
0.618473896,0.012048193,0.369477912,-15.26735784
0.614457831,0.012048193,0.373493976,-15.25247467
0.610441767,0.012048193,0.37751004,-15.17522899
0.606425703,0.012048193,0.381526104,-15.17466066
0.602409639,0.012048193,0.385542169,-15.16471837
0.598393574,0.012048193,0.389558233,-15.11114433
0.59437751,0.012048193,0.393574297,-15.06496186
0.590361446,0.012048193,0.397590361,-15.06277507
0.586345382,0.012048193,0.401606426,-15.03327728
0.582329317,0.012048193,0.40562249,-14.9881946
0.578313253,0.012048193,0.409638554,-14.97811099
0.574297189,0.012048193,0.413654618,-14.88336145
0.570281124,0.012048193,0.417670683,-14.87954862
0.56626506,0.012048193,0.421686747,-14.8712739
0.562248996,0.012048193,0.425702811,-14.87331641
0.558232932,0.012048193,0.429718876,-14.88350203
