Mn,Fe,Co,log(k*)400ºC (cm/s)
1,0,0,-11.07653917
0.995983936,0,0.004016064,-11.07653917
0.991967871,0,0.008032129,-11.07653917
0.987951807,0,0.012048193,-11.07653917
0.983935743,0,0.016064257,-11.07653917
0.979919679,0,0.020080321,-11.07653917
0.975903614,0,0.024096386,-11.07653917
0.97188755,0,0.02811245,-11.07653917
0.967871486,0,0.032128514,-11.07653917
0.963855422,0,0.036144578,-11.07653917
0.959839357,0,0.040160643,-11.07653917
0.955823293,0,0.044176707,-11.07653917
0.951807229,0,0.048192771,-11.07653917
0.947791165,0,0.052208835,-11.07653917
0.9437751,0,0.0562249,-11.07653917
0.939759036,0,0.060240964,-11.07653917
0.935742972,0,0.064257028,-11.07653917
0.931726908,0,0.068273092,-11.07653917
0.927710843,0,0.072289157,-11.07653917
0.923694779,0,0.076305221,-11.07653917
0.919678715,0,0.080321285,-11.07653917
0.915662651,0,0.084337349,-11.07653917
0.911646586,0,0.088353414,-11.07653917
0.907630522,0,0.092369478,-11.07653917
0.903614458,0,0.096385542,-11.07653917
0.899598394,0,0.100401606,-11.07653917
0.895582329,0,0.104417671,-11.07653917
0.891566265,0,0.108433735,-11.07653917
0.887550201,0,0.112449799,-11.07653917
0.883534137,0,0.116465863,-11.07653917
0.879518072,0,0.120481928,-11.07653917
0.875502008,0,0.124497992,-11.07653917
0.871485944,0,0.128514056,-11.07653917
0.86746988,0,0.13253012,-11.07653917
0.863453815,0,0.136546185,-11.07634916
0.859437751,0,0.140562249,-11.07634916
0.855421687,0,0.144578313,-11.07634916
0.851405622,0,0.148594378,-11.07634916
0.847389558,0,0.152610442,-11.07634916
0.843373494,0,0.156626506,-11.07634916
0.83935743,0,0.16064257,-11.07634916
0.835341365,0,0.164658635,-11.07634916
0.831325301,0,0.168674699,-11.07634916
0.827309237,0,0.172690763,-11.07634916
0.823293173,0,0.176706827,-11.07634916
0.819277108,0,0.180722892,-11.07634916
0.815261044,0,0.184738956,-11.07634916
0.81124498,0,0.18875502,-11.07592068
0.807228916,0,0.192771084,-11.07592068
0.803212851,0,0.196787149,-11.07519406
0.799196787,0,0.200803213,-11.07519406
0.795180723,0,0.204819277,-11.07519406
0.791164659,0,0.208835341,-11.07519406
0.787148594,0,0.212851406,-11.07519406
0.78313253,0,0.21686747,-11.07519406
0.779116466,0,0.220883534,-11.07519406
0.775100402,0,0.224899598,-11.07519406
0.771084337,0,0.228915663,-11.07519406
0.767068273,0,0.232931727,-11.07519406
0.763052209,0,0.236947791,-11.07519406
0.759036145,0,0.240963855,-11.07519406
0.75502008,0,0.24497992,-11.07519406
0.751004016,0,0.248995984,-11.07519406
0.746987952,0,0.253012048,-11.0720685
0.742971888,0,0.257028112,-11.0720685
0.738955823,0,0.261044177,-11.0720685
0.734939759,0,0.265060241,-11.0687077
0.730923695,0,0.269076305,-11.05805694
0.726907631,0,0.273092369,-11.05805694
0.722891566,0,0.277108434,-11.01370074
0.718875502,0,0.281124498,-11.01370074
0.714859438,0,0.285140562,-11.01370074
0.710843373,0,0.289156627,-11.01048934
0.706827309,0,0.293172691,-11.01048934
0.702811245,0,0.297188755,-10.99138558
0.698795181,0,0.301204819,-10.94617645
0.694779116,0,0.305220884,-10.94617645
0.690763052,0,0.309236948,-10.90335408
0.686746988,0,0.313253012,-10.8582167
0.682730924,0,0.317269076,-10.83856231
0.678714859,0,0.321285141,-10.83904818
0.674698795,0,0.325301205,-10.82984748
0.670682731,0,0.329317269,-10.82951595
0.666666667,0,0.333333333,-10.82835876
0.662650602,0,0.337349398,-10.82377324
0.658634538,0,0.341365462,-10.80161466
0.654618474,0,0.345381526,-10.78288778
0.65060241,0,0.34939759,-10.73729846
0.646586345,0,0.353413655,-10.65562488
0.642570281,0,0.357429719,-10.61298886
0.638554217,0,0.361445783,-10.60119576
0.634538153,0,0.365461847,-10.58936066
0.630522088,0,0.369477912,-10.48067154
0.626506024,0,0.373493976,-10.46277925
0.62248996,0,0.37751004,-10.45171916
0.618473896,0,0.381526104,-10.40839789
0.614457831,0,0.385542169,-10.40227978
0.610441767,0,0.389558233,-10.33981713
0.606425703,0,0.393574297,-10.31228723
0.602409639,0,0.397590361,-10.30192246
0.598393574,0,0.401606426,-10.27607859
0.59437751,0,0.40562249,-10.26437172
0.590361446,0,0.409638554,-10.26437172
0.586345382,0,0.413654618,-10.245949
0.582329317,0,0.417670683,-10.22207632
0.578313253,0,0.421686747,-10.21399305
0.574297189,0,0.425702811,-10.14539992
0.570281124,0,0.429718876,-10.1420566
0.56626506,0,0.43373494,-10.13084601
0.562248996,0,0.437751004,-10.13527862
0.558232932,0,0.441767068,-10.1380038
0.554216867,0,0.445783133,-10.13321714
0.550200803,0,0.449799197,-10.12640621
0.546184739,0,0.453815261,-10.12575994
0.542168675,0,0.457831325,-10.12575994
0.53815261,0,0.46184739,-10.12398262
0.534136546,0,0.465863454,-10.12264886
0.530120482,0,0.469879518,-10.12121604
0.526104418,0,0.473895582,-10.1112999
0.522088353,0,0.477911647,-10.10371865
0.518072289,0,0.481927711,-10.1001156
0.514056225,0,0.485943775,-10.07914009
0.510040161,0,0.489959839,-10.05652702
0.506024096,0,0.493975904,-10.04064
0.502008032,0,0.497991968,-10.03129267
0.497991968,0,0.502008032,-10.02285632
0.493975904,0,0.506024096,-10.02002226
0.489959839,0,0.510040161,-9.955486935
0.485943775,0,0.514056225,-9.953396523
0.481927711,0,0.518072289,-9.881992206
0.477911647,0,0.522088353,-9.524778116
0.473895582,0,0.526104418,-9.436447964
0.469879518,0,0.530120482,-9.386841213
0.465863454,0,0.534136546,-9.212555899
0.46184739,0,0.53815261,-9.187413875
0.457831325,0,0.542168675,-9.187413875
0.453815261,0,0.546184739,-9.187413875
0.449799197,0,0.550200803,-9.182528399
0.445783133,0,0.554216867,-9.182528399
0.441767068,0,0.558232932,-9.180127944
0.437751004,0,0.562248996,-9.180127944
0.43373494,0,0.56626506,-9.180127944
0.429718876,0,0.570281124,-9.180127944
0.425702811,0,0.574297189,-9.178653435
0.421686747,0,0.578313253,-9.178653435
0.417670683,0,0.582329317,-9.178653435
0.413654618,0,0.586345382,-9.17706386
0.409638554,0,0.590361446,-9.175798723
0.40562249,0,0.59437751,-9.17484787
0.401606426,0,0.598393574,-9.16021559
0.397590361,0,0.602409639,-9.144534794
0.393574297,0,0.606425703,-9.140471533
0.389558233,0,0.610441767,-9.134667266
0.385542169,0,0.614457831,-9.128647053
0.381526104,0,0.618473896,-9.126737617
0.37751004,0,0.62248996,-9.122419533
0.373493976,0,0.626506024,-9.122419533
0.369477912,0,0.630522088,-9.122419533
0.365461847,0,0.634538153,-9.121480811
0.361445783,0,0.638554217,-9.121480811
0.357429719,0,0.642570281,-9.121480811
0.353413655,0,0.646586345,-9.114551662
0.34939759,0,0.65060241,-9.1116846
0.345381526,0,0.654618474,-9.1116846
0.341365462,0,0.658634538,-9.109302187
0.337349398,0,0.662650602,-9.10784114
0.333333333,0,0.666666667,-9.10784114
0.329317269,0,0.670682731,-9.10784114
0.325301205,0,0.674698795,-9.10784114
0.321285141,0,0.678714859,-9.10784114
0.317269076,0,0.682730924,-9.105998798
0.313253012,0,0.686746988,-9.105998798
0.309236948,0,0.690763052,-9.105998798
0.305220884,0,0.694779116,-9.10485291
0.301204819,0,0.698795181,-9.10485291
0.297188755,0,0.702811245,-9.10485291
0.293172691,0,0.706827309,-9.10137841
0.289156627,0,0.710843373,-9.100077583
0.285140562,0,0.714859438,-9.098331882
0.281124498,0,0.718875502,-9.095983394
0.277108434,0,0.722891566,-9.088453019
0.273092369,0,0.726907631,-9.066996545
0.269076305,0,0.730923695,-9.066996545
0.265060241,0,0.734939759,-9.063904271
0.261044177,0,0.738955823,-9.063904271
0.257028112,0,0.742971888,-9.056700219
0.253012048,0,0.746987952,-8.999198559
0.248995984,0,0.751004016,-8.99458686
0.24497992,0,0.75502008,-8.984971703
0.240963855,0,0.759036145,-8.975733716
0.236947791,0,0.763052209,-8.965208711
0.232931727,0,0.767068273,-8.955726452
0.228915663,0,0.771084337,-8.955726452
0.224899598,0,0.775100402,-8.948722589
0.220883534,0,0.779116466,-8.948722589
0.21686747,0,0.78313253,-8.940693345
0.212851406,0,0.787148594,-8.939173997
0.208835341,0,0.791164659,-8.935646179
0.204819277,0,0.795180723,-8.935646179
0.200803213,0,0.799196787,-8.935646179
0.196787149,0,0.803212851,-8.926727037
0.192771084,0,0.807228916,-8.925207053
0.18875502,0,0.81124498,-8.925207053
0.184738956,0,0.815261044,-8.925207053
0.180722892,0,0.819277108,-8.924103072
0.176706827,0,0.823293173,-8.924103072
0.172690763,0,0.827309237,-8.924103072
0.168674699,0,0.831325301,-8.924103072
0.164658635,0,0.835341365,-8.924103072
0.16064257,0,0.83935743,-8.924103072
0.156626506,0,0.843373494,-8.924103072
0.152610442,0,0.847389558,-8.924103072
0.148594378,0,0.851405622,-8.924103072
0.144578313,0,0.855421687,-8.920828273
0.140562249,0,0.859437751,-8.920828273
0.136546185,0,0.863453815,-8.920016077
0.13253012,0,0.86746988,-8.920016077
0.128514056,0,0.871485944,-8.914209252
0.124497992,0,0.875502008,-8.903736955
0.120481928,0,0.879518072,-8.903064461
0.116465863,0,0.883534137,-8.903064461
0.112449799,0,0.887550201,-8.903064461
0.108433735,0,0.891566265,-8.903064461
0.104417671,0,0.895582329,-8.903064461
0.100401606,0,0.899598394,-8.903064461
0.096385542,0,0.903614458,-8.903064461
0.092369478,0,0.907630522,-8.903064461
0.088353414,0,0.911646586,-8.903064461
0.084337349,0,0.915662651,-8.903064461
0.080321285,0,0.919678715,-8.903064461
0.076305221,0,0.923694779,-8.903064461
0.072289157,0,0.927710843,-8.903064461
0.068273092,0,0.931726908,-8.903064461
0.064257028,0,0.935742972,-8.903064461
0.060240964,0,0.939759036,-8.903064461
0.0562249,0,0.9437751,-8.903064461
0.052208835,0,0.947791165,-8.903064461
0.048192771,0,0.951807229,-8.903064461
0.044176707,0,0.955823293,-8.903064461
0.040160643,0,0.959839357,-8.903064461
0.036144578,0,0.963855422,-8.903064461
0.032128514,0,0.967871486,-8.903064461
0.02811245,0,0.97188755,-8.903064461
0.024096386,0,0.975903614,-8.903064461
0.020080321,0,0.979919679,-8.903064461
0.016064257,0,0.983935743,-8.903064461
0.012048193,0,0.987951807,-8.903064461
0.008032129,0,0.991967871,-8.903064461
0.004016064,0,0.995983936,-8.903064461
0,0,1,-8.903064461
0.995983936,0.004016064,0,-11.07653917
0.991967871,0.004016064,0.004016064,-11.07653917
0.987951807,0.004016064,0.008032129,-11.07653917
0.983935743,0.004016064,0.012048193,-11.07653917
0.979919679,0.004016064,0.016064257,-11.07653917
0.975903614,0.004016064,0.020080321,-11.07653917
0.97188755,0.004016064,0.024096386,-11.07653917
0.967871486,0.004016064,0.02811245,-11.07653917
0.963855422,0.004016064,0.032128514,-11.07653917
0.959839357,0.004016064,0.036144578,-11.07653917
0.955823293,0.004016064,0.040160643,-11.07653917
0.951807229,0.004016064,0.044176707,-11.07653917
0.947791165,0.004016064,0.048192771,-11.07653917
0.9437751,0.004016064,0.052208835,-11.07653917
0.939759036,0.004016064,0.0562249,-11.07653917
0.935742972,0.004016064,0.060240964,-11.07653917
0.931726908,0.004016064,0.064257028,-11.07653917
0.927710843,0.004016064,0.068273092,-11.07653917
0.923694779,0.004016064,0.072289157,-11.07653917
0.919678715,0.004016064,0.076305221,-11.07653917
0.915662651,0.004016064,0.080321285,-11.07653917
0.911646586,0.004016064,0.084337349,-11.07653917
0.907630522,0.004016064,0.088353414,-11.07653917
0.903614458,0.004016064,0.092369478,-11.07653917
0.899598394,0.004016064,0.096385542,-11.07653917
0.895582329,0.004016064,0.100401606,-11.07653917
0.891566265,0.004016064,0.104417671,-11.07653917
0.887550201,0.004016064,0.108433735,-11.07653917
0.883534137,0.004016064,0.112449799,-11.07653917
0.879518072,0.004016064,0.116465863,-11.07653917
0.875502008,0.004016064,0.120481928,-11.07653917
0.871485944,0.004016064,0.124497992,-11.07653917
0.86746988,0.004016064,0.128514056,-11.07653917
0.863453815,0.004016064,0.13253012,-11.07653917
0.859437751,0.004016064,0.136546185,-11.07634916
0.855421687,0.004016064,0.140562249,-11.07634916
0.851405622,0.004016064,0.144578313,-11.07634916
0.847389558,0.004016064,0.148594378,-11.07634916
0.843373494,0.004016064,0.152610442,-11.07634916
0.83935743,0.004016064,0.156626506,-11.07634916
0.835341365,0.004016064,0.16064257,-11.07634916
0.831325301,0.004016064,0.164658635,-11.07634916
0.827309237,0.004016064,0.168674699,-11.07634916
0.823293173,0.004016064,0.172690763,-11.07634916
0.819277108,0.004016064,0.176706827,-11.07634916
0.815261044,0.004016064,0.180722892,-11.07634916
0.81124498,0.004016064,0.184738956,-11.07634916
0.807228916,0.004016064,0.18875502,-11.07592068
0.803212851,0.004016064,0.192771084,-11.07592068
0.799196787,0.004016064,0.196787149,-11.07519406
0.795180723,0.004016064,0.200803213,-11.07519406
0.791164659,0.004016064,0.204819277,-11.07519406
0.787148594,0.004016064,0.208835341,-11.07519406
0.78313253,0.004016064,0.212851406,-11.07519406
0.779116466,0.004016064,0.21686747,-11.07519406
0.775100402,0.004016064,0.220883534,-11.07519406
0.771084337,0.004016064,0.224899598,-11.07519406
0.767068273,0.004016064,0.228915663,-11.07519406
0.763052209,0.004016064,0.232931727,-11.07519406
0.759036145,0.004016064,0.236947791,-11.07519406
0.75502008,0.004016064,0.240963855,-11.07519406
0.751004016,0.004016064,0.24497992,-11.07519406
0.746987952,0.004016064,0.248995984,-11.07519406
0.742971888,0.004016064,0.253012048,-11.0720685
0.738955823,0.004016064,0.257028112,-11.0720685
0.734939759,0.004016064,0.261044177,-11.0720685
0.730923695,0.004016064,0.265060241,-11.0687077
0.726907631,0.004016064,0.269076305,-11.05805694
0.722891566,0.004016064,0.273092369,-11.05805694
0.718875502,0.004016064,0.277108434,-11.01370074
0.714859438,0.004016064,0.281124498,-11.01370074
0.710843373,0.004016064,0.285140562,-11.01370074
0.706827309,0.004016064,0.289156627,-11.01048934
0.702811245,0.004016064,0.293172691,-11.01048934
0.698795181,0.004016064,0.297188755,-10.99138558
0.694779116,0.004016064,0.301204819,-10.94617645
0.690763052,0.004016064,0.305220884,-10.94617645
0.686746988,0.004016064,0.309236948,-10.90335408
0.682730924,0.004016064,0.313253012,-10.85725813
0.678714859,0.004016064,0.317269076,-10.83856231
0.674698795,0.004016064,0.321285141,-10.83904818
0.670682731,0.004016064,0.325301205,-10.82984748
0.666666667,0.004016064,0.329317269,-10.82835876
0.662650602,0.004016064,0.333333333,-10.82377324
0.658634538,0.004016064,0.337349398,-10.80161466
0.654618474,0.004016064,0.341365462,-10.78470744
0.65060241,0.004016064,0.345381526,-10.73729846
0.646586345,0.004016064,0.34939759,-10.6601064
0.642570281,0.004016064,0.353413655,-10.65115855
0.638554217,0.004016064,0.357429719,-10.60805188
0.634538153,0.004016064,0.361445783,-10.59860707
0.630522088,0.004016064,0.365461847,-10.50671882
0.626506024,0.004016064,0.369477912,-10.46778319
0.62248996,0.004016064,0.373493976,-10.45745888
0.618473896,0.004016064,0.37751004,-10.40723322
0.614457831,0.004016064,0.381526104,-10.40227978
0.610441767,0.004016064,0.385542169,-10.35385457
0.606425703,0.004016064,0.389558233,-10.33822618
0.602409639,0.004016064,0.393574297,-10.30350782
0.598393574,0.004016064,0.397590361,-10.27768456
0.59437751,0.004016064,0.401606426,-10.27072721
0.590361446,0.004016064,0.40562249,-10.26437172
0.586345382,0.004016064,0.409638554,-10.245949
0.582329317,0.004016064,0.413654618,-10.22207632
0.578313253,0.004016064,0.417670683,-10.21399305
0.574297189,0.004016064,0.421686747,-10.14996199
0.570281124,0.004016064,0.425702811,-10.1420566
0.56626506,0.004016064,0.429718876,-10.13583882
0.562248996,0.004016064,0.43373494,-10.13527862
0.558232932,0.004016064,0.437751004,-10.14037826
0.554216867,0.004016064,0.441767068,-10.13813134
0.550200803,0.004016064,0.445783133,-10.12640621
0.546184739,0.004016064,0.449799197,-10.12575994
0.542168675,0.004016064,0.453815261,-10.12575994
0.53815261,0.004016064,0.457831325,-10.12575994
0.534136546,0.004016064,0.46184739,-10.12264886
0.530120482,0.004016064,0.465863454,-10.12121604
0.526104418,0.004016064,0.469879518,-10.1112999
0.522088353,0.004016064,0.473895582,-10.10918931
0.518072289,0.004016064,0.477911647,-10.1001156
0.514056225,0.004016064,0.481927711,-10.0881905
0.510040161,0.004016064,0.485943775,-10.05966905
0.506024096,0.004016064,0.489959839,-10.04620236
0.502008032,0.004016064,0.493975904,-10.03857502
0.497991968,0.004016064,0.497991968,-10.02285632
0.493975904,0.004016064,0.502008032,-10.02002226
0.489959839,0.004016064,0.506024096,-9.955486935
0.485943775,0.004016064,0.510040161,-9.953396523
0.481927711,0.004016064,0.514056225,-9.916063177
0.477911647,0.004016064,0.518072289,-9.88022663
0.473895582,0.004016064,0.522088353,-9.523637051
0.469879518,0.004016064,0.526104418,-9.436447964
0.465863454,0.004016064,0.530120482,-9.378614495
0.46184739,0.004016064,0.534136546,-9.212555899
0.457831325,0.004016064,0.53815261,-9.187413875
0.453815261,0.004016064,0.542168675,-9.187413875
0.449799197,0.004016064,0.546184739,-9.187413875
0.445783133,0.004016064,0.550200803,-9.182528399
0.441767068,0.004016064,0.554216867,-9.182528399
0.437751004,0.004016064,0.558232932,-9.180127944
0.43373494,0.004016064,0.562248996,-9.180127944
0.429718876,0.004016064,0.56626506,-9.180127944
0.425702811,0.004016064,0.570281124,-9.180127944
0.421686747,0.004016064,0.574297189,-9.178653435
0.417670683,0.004016064,0.578313253,-9.178653435
0.413654618,0.004016064,0.582329317,-9.178653435
0.409638554,0.004016064,0.586345382,-9.17706386
0.40562249,0.004016064,0.590361446,-9.175798723
0.401606426,0.004016064,0.59437751,-9.17484787
0.397590361,0.004016064,0.598393574,-9.16021559
0.393574297,0.004016064,0.602409639,-9.144534794
0.389558233,0.004016064,0.606425703,-9.140471533
0.385542169,0.004016064,0.610441767,-9.134667266
0.381526104,0.004016064,0.614457831,-9.128647053
0.37751004,0.004016064,0.618473896,-9.126737617
0.373493976,0.004016064,0.62248996,-9.122419533
0.369477912,0.004016064,0.626506024,-9.122419533
0.365461847,0.004016064,0.630522088,-9.122419533
0.361445783,0.004016064,0.634538153,-9.121480811
0.357429719,0.004016064,0.638554217,-9.121480811
0.353413655,0.004016064,0.642570281,-9.121480811
0.34939759,0.004016064,0.646586345,-9.114551662
0.345381526,0.004016064,0.65060241,-9.1116846
0.341365462,0.004016064,0.654618474,-9.109302187
0.337349398,0.004016064,0.658634538,-9.109302187
0.333333333,0.004016064,0.662650602,-9.10784114
0.329317269,0.004016064,0.666666667,-9.10784114
0.325301205,0.004016064,0.670682731,-9.10784114
0.321285141,0.004016064,0.674698795,-9.10784114
0.317269076,0.004016064,0.678714859,-9.10784114
0.313253012,0.004016064,0.682730924,-9.105998798
0.309236948,0.004016064,0.686746988,-9.105998798
0.305220884,0.004016064,0.690763052,-9.10485291
0.301204819,0.004016064,0.694779116,-9.10485291
0.297188755,0.004016064,0.698795181,-9.10485291
0.293172691,0.004016064,0.702811245,-9.10137841
0.289156627,0.004016064,0.706827309,-9.100077583
0.285140562,0.004016064,0.710843373,-9.098331882
0.281124498,0.004016064,0.714859438,-9.098331882
0.277108434,0.004016064,0.718875502,-9.092456378
0.273092369,0.004016064,0.722891566,-9.086065437
0.269076305,0.004016064,0.726907631,-9.066996545
0.265060241,0.004016064,0.730923695,-9.066996545
0.261044177,0.004016064,0.734939759,-9.063904271
0.257028112,0.004016064,0.738955823,-9.063904271
0.253012048,0.004016064,0.742971888,-9.056700219
0.248995984,0.004016064,0.746987952,-8.999198559
0.24497992,0.004016064,0.751004016,-8.99458686
0.240963855,0.004016064,0.75502008,-8.982813857
0.236947791,0.004016064,0.759036145,-8.975733716
0.232931727,0.004016064,0.763052209,-8.958829705
0.228915663,0.004016064,0.767068273,-8.955726452
0.224899598,0.004016064,0.771084337,-8.948722589
0.220883534,0.004016064,0.775100402,-8.948722589
0.21686747,0.004016064,0.779116466,-8.940693345
0.212851406,0.004016064,0.78313253,-8.939173997
0.208835341,0.004016064,0.787148594,-8.935646179
0.204819277,0.004016064,0.791164659,-8.935646179
0.200803213,0.004016064,0.795180723,-8.935646179
0.196787149,0.004016064,0.799196787,-8.926727037
0.192771084,0.004016064,0.803212851,-8.925207053
0.18875502,0.004016064,0.807228916,-8.925207053
0.184738956,0.004016064,0.81124498,-8.925207053
0.180722892,0.004016064,0.815261044,-8.924103072
0.176706827,0.004016064,0.819277108,-8.924103072
0.172690763,0.004016064,0.823293173,-8.924103072
0.168674699,0.004016064,0.827309237,-8.924103072
0.164658635,0.004016064,0.831325301,-8.924103072
0.16064257,0.004016064,0.835341365,-8.924103072
0.156626506,0.004016064,0.83935743,-8.924103072
0.152610442,0.004016064,0.843373494,-8.924103072
0.148594378,0.004016064,0.847389558,-8.924103072
0.144578313,0.004016064,0.851405622,-8.920828273
0.140562249,0.004016064,0.855421687,-8.920828273
0.136546185,0.004016064,0.859437751,-8.920016077
0.13253012,0.004016064,0.863453815,-8.920016077
0.128514056,0.004016064,0.86746988,-8.914209252
0.124497992,0.004016064,0.871485944,-8.903736955
0.120481928,0.004016064,0.875502008,-8.903064461
0.116465863,0.004016064,0.879518072,-8.903064461
0.112449799,0.004016064,0.883534137,-8.903064461
0.108433735,0.004016064,0.887550201,-8.903064461
0.104417671,0.004016064,0.891566265,-8.903064461
0.100401606,0.004016064,0.895582329,-8.903064461
0.096385542,0.004016064,0.899598394,-8.903064461
0.092369478,0.004016064,0.903614458,-8.903064461
0.088353414,0.004016064,0.907630522,-8.903064461
0.084337349,0.004016064,0.911646586,-8.903064461
0.080321285,0.004016064,0.915662651,-8.903064461
0.076305221,0.004016064,0.919678715,-8.903064461
0.072289157,0.004016064,0.923694779,-8.903064461
0.068273092,0.004016064,0.927710843,-8.903064461
0.064257028,0.004016064,0.931726908,-8.903064461
0.060240964,0.004016064,0.935742972,-8.903064461
0.0562249,0.004016064,0.939759036,-8.903064461
0.052208835,0.004016064,0.9437751,-8.903064461
0.048192771,0.004016064,0.947791165,-8.903064461
0.044176707,0.004016064,0.951807229,-8.903064461
0.040160643,0.004016064,0.955823293,-8.903064461
0.036144578,0.004016064,0.959839357,-8.903064461
0.032128514,0.004016064,0.963855422,-8.903064461
0.02811245,0.004016064,0.967871486,-8.903064461
0.024096386,0.004016064,0.97188755,-8.903064461
0.020080321,0.004016064,0.975903614,-8.903064461
0.016064257,0.004016064,0.979919679,-8.903064461
0.012048193,0.004016064,0.983935743,-8.903064461
0.008032129,0.004016064,0.987951807,-8.903064461
0.004016064,0.004016064,0.991967871,-8.903064461
0,0.004016064,0.995983936,-8.903064461
0.991967871,0.008032129,0,-11.07653917
0.987951807,0.008032129,0.004016064,-11.07653917
0.983935743,0.008032129,0.008032129,-11.07653917
0.979919679,0.008032129,0.012048193,-11.07653917
0.975903614,0.008032129,0.016064257,-11.07653917
0.97188755,0.008032129,0.020080321,-11.07653917
0.967871486,0.008032129,0.024096386,-11.07653917
0.963855422,0.008032129,0.02811245,-11.07653917
0.959839357,0.008032129,0.032128514,-11.07653917
0.955823293,0.008032129,0.036144578,-11.07653917
0.951807229,0.008032129,0.040160643,-11.07653917
0.947791165,0.008032129,0.044176707,-11.07653917
0.9437751,0.008032129,0.048192771,-11.07653917
0.939759036,0.008032129,0.052208835,-11.07653917
0.935742972,0.008032129,0.0562249,-11.07653917
0.931726908,0.008032129,0.060240964,-11.07653917
0.927710843,0.008032129,0.064257028,-11.07653917
0.923694779,0.008032129,0.068273092,-11.07653917
0.919678715,0.008032129,0.072289157,-11.07653917
0.915662651,0.008032129,0.076305221,-11.07653917
0.911646586,0.008032129,0.080321285,-11.07653917
0.907630522,0.008032129,0.084337349,-11.07653917
0.903614458,0.008032129,0.088353414,-11.07653917
0.899598394,0.008032129,0.092369478,-11.07653917
0.895582329,0.008032129,0.096385542,-11.07653917
0.891566265,0.008032129,0.100401606,-11.07653917
0.887550201,0.008032129,0.104417671,-11.07653917
0.883534137,0.008032129,0.108433735,-11.07653917
0.879518072,0.008032129,0.112449799,-11.07653917
0.875502008,0.008032129,0.116465863,-11.07653917
0.871485944,0.008032129,0.120481928,-11.07653917
0.86746988,0.008032129,0.124497992,-11.07653917
0.863453815,0.008032129,0.128514056,-11.07653917
0.859437751,0.008032129,0.13253012,-11.07653917
0.855421687,0.008032129,0.136546185,-11.07634916
0.851405622,0.008032129,0.140562249,-11.07634916
0.847389558,0.008032129,0.144578313,-11.07634916
0.843373494,0.008032129,0.148594378,-11.07634916
0.83935743,0.008032129,0.152610442,-11.07634916
0.835341365,0.008032129,0.156626506,-11.07634916
0.831325301,0.008032129,0.16064257,-11.07634916
0.827309237,0.008032129,0.164658635,-11.07634916
0.823293173,0.008032129,0.168674699,-11.07634916
0.819277108,0.008032129,0.172690763,-11.07634916
0.815261044,0.008032129,0.176706827,-11.07634916
0.81124498,0.008032129,0.180722892,-11.07634916
0.807228916,0.008032129,0.184738956,-11.07634916
0.803212851,0.008032129,0.18875502,-11.07592068
0.799196787,0.008032129,0.192771084,-11.07592068
0.795180723,0.008032129,0.196787149,-11.07519406
0.791164659,0.008032129,0.200803213,-11.07519406
0.787148594,0.008032129,0.204819277,-11.07519406
0.78313253,0.008032129,0.208835341,-11.07519406
0.779116466,0.008032129,0.212851406,-11.07519406
0.775100402,0.008032129,0.21686747,-11.07519406
0.771084337,0.008032129,0.220883534,-11.07519406
0.767068273,0.008032129,0.224899598,-11.07519406
0.763052209,0.008032129,0.228915663,-11.07519406
0.759036145,0.008032129,0.232931727,-11.07519406
0.75502008,0.008032129,0.236947791,-11.07519406
0.751004016,0.008032129,0.240963855,-11.07519406
0.746987952,0.008032129,0.24497992,-11.07519406
0.742971888,0.008032129,0.248995984,-11.07519406
0.738955823,0.008032129,0.253012048,-11.0720685
0.734939759,0.008032129,0.257028112,-11.0720685
0.730923695,0.008032129,0.261044177,-11.0720685
0.726907631,0.008032129,0.265060241,-11.0687077
0.722891566,0.008032129,0.269076305,-11.05805694
0.718875502,0.008032129,0.273092369,-11.05805694
0.714859438,0.008032129,0.277108434,-11.01370074
0.710843373,0.008032129,0.281124498,-11.01370074
0.706827309,0.008032129,0.285140562,-11.01370074
0.702811245,0.008032129,0.289156627,-11.01048934
0.698795181,0.008032129,0.293172691,-11.01048934
0.694779116,0.008032129,0.297188755,-10.99138558
0.690763052,0.008032129,0.301204819,-10.94617645
0.686746988,0.008032129,0.305220884,-10.94617645
0.682730924,0.008032129,0.309236948,-10.9023955
0.678714859,0.008032129,0.313253012,-10.85725813
0.674698795,0.008032129,0.317269076,-10.83856231
0.670682731,0.008032129,0.321285141,-10.83904818
0.666666667,0.008032129,0.325301205,-10.82869029
0.662650602,0.008032129,0.329317269,-10.82377324
0.658634538,0.008032129,0.333333333,-10.80161466
0.654618474,0.008032129,0.337349398,-10.78470744
0.65060241,0.008032129,0.341365462,-10.73911813
0.646586345,0.008032129,0.345381526,-10.6601064
0.642570281,0.008032129,0.34939759,-10.65564008
0.638554217,0.008032129,0.353413655,-10.64622157
0.634538153,0.008032129,0.357429719,-10.60546319
0.630522088,0.008032129,0.361445783,-10.51539579
0.626506024,0.008032129,0.365461847,-10.49590566
0.62248996,0.008032129,0.369477912,-10.46246282
0.618473896,0.008032129,0.373493976,-10.41297295
0.614457831,0.008032129,0.37751004,-10.40111511
0.610441767,0.008032129,0.381526104,-10.35385457
0.606425703,0.008032129,0.385542169,-10.35226362
0.602409639,0.008032129,0.389558233,-10.33093913
0.598393574,0.008032129,0.393574297,-10.27926992
0.59437751,0.008032129,0.397590361,-10.27233318
0.590361446,0.008032129,0.401606426,-10.27072721
0.586345382,0.008032129,0.40562249,-10.245949
0.582329317,0.008032129,0.409638554,-10.22207632
0.578313253,0.008032129,0.413654618,-10.21399305
0.574297189,0.008032129,0.417670683,-10.14996199
0.570281124,0.008032129,0.421686747,-10.14661866
0.56626506,0.008032129,0.425702811,-10.13583882
0.562248996,0.008032129,0.429718876,-10.14027144
0.558232932,0.008032129,0.43373494,-10.14037826
0.554216867,0.008032129,0.437751004,-10.1405058
0.550200803,0.008032129,0.441767068,-10.13132042
0.546184739,0.008032129,0.445783133,-10.12575994
0.542168675,0.008032129,0.449799197,-10.12575994
0.53815261,0.008032129,0.453815261,-10.12575994
0.534136546,0.008032129,0.457831325,-10.12442618
0.530120482,0.008032129,0.46184739,-10.12121604
0.526104418,0.008032129,0.465863454,-10.1112999
0.522088353,0.008032129,0.469879518,-10.10918931
0.518072289,0.008032129,0.473895582,-10.10558626
0.514056225,0.008032129,0.477911647,-10.0881905
0.510040161,0.008032129,0.481927711,-10.06871946
0.506024096,0.008032129,0.485943775,-10.04934439
0.502008032,0.008032129,0.489959839,-10.04413738
0.497991968,0.008032129,0.493975904,-10.03013867
0.493975904,0.008032129,0.497991968,-10.02002226
0.489959839,0.008032129,0.502008032,-9.955486935
0.485943775,0.008032129,0.506024096,-9.953396523
0.481927711,0.008032129,0.510040161,-9.916063177
0.477911647,0.008032129,0.514056225,-9.914297601
0.473895582,0.008032129,0.518072289,-9.879085565
0.469879518,0.008032129,0.522088353,-9.523637051
0.465863454,0.008032129,0.526104418,-9.42660739
0.46184739,0.008032129,0.530120482,-9.377919513
0.457831325,0.008032129,0.534136546,-9.212555899
0.453815261,0.008032129,0.53815261,-9.187413875
0.449799197,0.008032129,0.542168675,-9.187413875
0.445783133,0.008032129,0.546184739,-9.187413875
0.441767068,0.008032129,0.550200803,-9.182528399
0.437751004,0.008032129,0.554216867,-9.182528399
0.43373494,0.008032129,0.558232932,-9.180127944
0.429718876,0.008032129,0.562248996,-9.180127944
0.425702811,0.008032129,0.56626506,-9.180127944
0.421686747,0.008032129,0.570281124,-9.180127944
0.417670683,0.008032129,0.574297189,-9.178653435
0.413654618,0.008032129,0.578313253,-9.178653435
0.409638554,0.008032129,0.582329317,-9.178653435
0.40562249,0.008032129,0.586345382,-9.17706386
0.401606426,0.008032129,0.590361446,-9.175798723
0.397590361,0.008032129,0.59437751,-9.17484787
0.393574297,0.008032129,0.598393574,-9.16021559
0.389558233,0.008032129,0.602409639,-9.144534794
0.385542169,0.008032129,0.606425703,-9.140471533
0.381526104,0.008032129,0.610441767,-9.134667266
0.37751004,0.008032129,0.614457831,-9.128647053
0.373493976,0.008032129,0.618473896,-9.126737617
0.369477912,0.008032129,0.62248996,-9.122419533
0.365461847,0.008032129,0.626506024,-9.122419533
0.361445783,0.008032129,0.630522088,-9.122419533
0.357429719,0.008032129,0.634538153,-9.121480811
0.353413655,0.008032129,0.638554217,-9.121480811
0.34939759,0.008032129,0.642570281,-9.121480811
0.345381526,0.008032129,0.646586345,-9.114551662
0.341365462,0.008032129,0.65060241,-9.109302187
0.337349398,0.008032129,0.654618474,-9.109302187
0.333333333,0.008032129,0.658634538,-9.109302187
0.329317269,0.008032129,0.662650602,-9.10784114
0.325301205,0.008032129,0.666666667,-9.10784114
0.321285141,0.008032129,0.670682731,-9.10784114
0.317269076,0.008032129,0.674698795,-9.10784114
0.313253012,0.008032129,0.678714859,-9.10784114
0.309236948,0.008032129,0.682730924,-9.105998798
0.305220884,0.008032129,0.686746988,-9.10485291
0.301204819,0.008032129,0.690763052,-9.10485291
0.297188755,0.008032129,0.694779116,-9.10485291
0.293172691,0.008032129,0.698795181,-9.10137841
0.289156627,0.008032129,0.702811245,-9.100077583
0.285140562,0.008032129,0.706827309,-9.098331882
0.281124498,0.008032129,0.710843373,-9.098331882
0.277108434,0.008032129,0.714859438,-9.094804866
0.273092369,0.008032129,0.718875502,-9.090068797
0.269076305,0.008032129,0.722891566,-9.086065437
0.265060241,0.008032129,0.726907631,-9.066996545
0.261044177,0.008032129,0.730923695,-9.066996545
0.257028112,0.008032129,0.734939759,-9.063904271
0.253012048,0.008032129,0.738955823,-9.063904271
0.248995984,0.008032129,0.742971888,-9.056700219
0.24497992,0.008032129,0.746987952,-8.999198559
0.240963855,0.008032129,0.751004016,-8.992429014
0.236947791,0.008032129,0.75502008,-8.981500362
0.232931727,0.008032129,0.759036145,-8.96935471
0.228915663,0.008032129,0.763052209,-8.958829705
0.224899598,0.008032129,0.767068273,-8.948722589
0.220883534,0.008032129,0.771084337,-8.948722589
0.21686747,0.008032129,0.775100402,-8.940693345
0.212851406,0.008032129,0.779116466,-8.939173997
0.208835341,0.008032129,0.78313253,-8.935646179
0.204819277,0.008032129,0.787148594,-8.935646179
0.200803213,0.008032129,0.791164659,-8.935646179
0.196787149,0.008032129,0.795180723,-8.926727037
0.192771084,0.008032129,0.799196787,-8.925207053
0.18875502,0.008032129,0.803212851,-8.925207053
0.184738956,0.008032129,0.807228916,-8.925207053
0.180722892,0.008032129,0.81124498,-8.924103072
0.176706827,0.008032129,0.815261044,-8.924103072
0.172690763,0.008032129,0.819277108,-8.924103072
0.168674699,0.008032129,0.823293173,-8.924103072
0.164658635,0.008032129,0.827309237,-8.924103072
0.16064257,0.008032129,0.831325301,-8.924103072
0.156626506,0.008032129,0.835341365,-8.924103072
0.152610442,0.008032129,0.83935743,-8.924103072
0.148594378,0.008032129,0.843373494,-8.924103072
0.144578313,0.008032129,0.847389558,-8.920828273
0.140562249,0.008032129,0.851405622,-8.920828273
0.136546185,0.008032129,0.855421687,-8.920016077
0.13253012,0.008032129,0.859437751,-8.920016077
0.128514056,0.008032129,0.863453815,-8.914209252
0.124497992,0.008032129,0.86746988,-8.903736955
0.120481928,0.008032129,0.871485944,-8.903064461
0.116465863,0.008032129,0.875502008,-8.903064461
0.112449799,0.008032129,0.879518072,-8.903064461
0.108433735,0.008032129,0.883534137,-8.903064461
0.104417671,0.008032129,0.887550201,-8.903064461
0.100401606,0.008032129,0.891566265,-8.903064461
0.096385542,0.008032129,0.895582329,-8.903064461
0.092369478,0.008032129,0.899598394,-8.903064461
0.088353414,0.008032129,0.903614458,-8.903064461
0.084337349,0.008032129,0.907630522,-8.903064461
0.080321285,0.008032129,0.911646586,-8.903064461
0.076305221,0.008032129,0.915662651,-8.903064461
0.072289157,0.008032129,0.919678715,-8.903064461
0.068273092,0.008032129,0.923694779,-8.903064461
0.064257028,0.008032129,0.927710843,-8.903064461
0.060240964,0.008032129,0.931726908,-8.903064461
0.0562249,0.008032129,0.935742972,-8.903064461
0.052208835,0.008032129,0.939759036,-8.903064461
0.048192771,0.008032129,0.9437751,-8.903064461
0.044176707,0.008032129,0.947791165,-8.903064461
0.040160643,0.008032129,0.951807229,-8.903064461
0.036144578,0.008032129,0.955823293,-8.903064461
0.032128514,0.008032129,0.959839357,-8.903064461
0.02811245,0.008032129,0.963855422,-8.903064461
0.024096386,0.008032129,0.967871486,-8.903064461
0.020080321,0.008032129,0.97188755,-8.903064461
0.016064257,0.008032129,0.975903614,-8.903064461
0.012048193,0.008032129,0.979919679,-8.903064461
0.008032129,0.008032129,0.983935743,-8.903064461
0.004016064,0.008032129,0.987951807,-8.903064461
1.11E-16,0.008032129,0.991967871,-8.903064461
0.987951807,0.012048193,0,-11.07653917
0.983935743,0.012048193,0.004016064,-11.07653917
0.979919679,0.012048193,0.008032129,-11.07653917
0.975903614,0.012048193,0.012048193,-11.07653917
0.97188755,0.012048193,0.016064257,-11.07653917
0.967871486,0.012048193,0.020080321,-11.07653917
0.963855422,0.012048193,0.024096386,-11.07653917
0.959839357,0.012048193,0.02811245,-11.07653917
0.955823293,0.012048193,0.032128514,-11.07653917
0.951807229,0.012048193,0.036144578,-11.07653917
0.947791165,0.012048193,0.040160643,-11.07653917
0.9437751,0.012048193,0.044176707,-11.07653917
0.939759036,0.012048193,0.048192771,-11.07653917
0.935742972,0.012048193,0.052208835,-11.07653917
0.931726908,0.012048193,0.0562249,-11.07653917
0.927710843,0.012048193,0.060240964,-11.07653917
0.923694779,0.012048193,0.064257028,-11.07653917
0.919678715,0.012048193,0.068273092,-11.07653917
0.915662651,0.012048193,0.072289157,-11.07653917
0.911646586,0.012048193,0.076305221,-11.07653917
0.907630522,0.012048193,0.080321285,-11.07653917
0.903614458,0.012048193,0.084337349,-11.07653917
0.899598394,0.012048193,0.088353414,-11.07653917
0.895582329,0.012048193,0.092369478,-11.07653917
0.891566265,0.012048193,0.096385542,-11.07653917
0.887550201,0.012048193,0.100401606,-11.07653917
0.883534137,0.012048193,0.104417671,-11.07653917
0.879518072,0.012048193,0.108433735,-11.07653917
0.875502008,0.012048193,0.112449799,-11.07653917
0.871485944,0.012048193,0.116465863,-11.07653917
0.86746988,0.012048193,0.120481928,-11.07653917
0.863453815,0.012048193,0.124497992,-11.07653917
0.859437751,0.012048193,0.128514056,-11.07653917
0.855421687,0.012048193,0.13253012,-11.07653917
0.851405622,0.012048193,0.136546185,-11.07634916
0.847389558,0.012048193,0.140562249,-11.07634916
0.843373494,0.012048193,0.144578313,-11.07634916
0.83935743,0.012048193,0.148594378,-11.07634916
0.835341365,0.012048193,0.152610442,-11.07634916
0.831325301,0.012048193,0.156626506,-11.07634916
0.827309237,0.012048193,0.16064257,-11.07634916
0.823293173,0.012048193,0.164658635,-11.07634916
0.819277108,0.012048193,0.168674699,-11.07634916
0.815261044,0.012048193,0.172690763,-11.07634916
0.81124498,0.012048193,0.176706827,-11.07634916
0.807228916,0.012048193,0.180722892,-11.07634916
0.803212851,0.012048193,0.184738956,-11.07634916
0.799196787,0.012048193,0.18875502,-11.07592068
0.795180723,0.012048193,0.192771084,-11.07592068
0.791164659,0.012048193,0.196787149,-11.07519406
0.787148594,0.012048193,0.200803213,-11.07519406
0.78313253,0.012048193,0.204819277,-11.07519406
0.779116466,0.012048193,0.208835341,-11.07519406
0.775100402,0.012048193,0.212851406,-11.07519406
0.771084337,0.012048193,0.21686747,-11.07519406
0.767068273,0.012048193,0.220883534,-11.07519406
0.763052209,0.012048193,0.224899598,-11.07519406
0.759036145,0.012048193,0.228915663,-11.07519406
0.75502008,0.012048193,0.232931727,-11.07519406
0.751004016,0.012048193,0.236947791,-11.07519406
0.746987952,0.012048193,0.240963855,-11.07519406
0.742971888,0.012048193,0.24497992,-11.07519406
0.738955823,0.012048193,0.248995984,-11.07519406
0.734939759,0.012048193,0.253012048,-11.0720685
0.730923695,0.012048193,0.257028112,-11.0720685
0.726907631,0.012048193,0.261044177,-11.0720685
0.722891566,0.012048193,0.265060241,-11.0687077
0.718875502,0.012048193,0.269076305,-11.05805694
0.714859438,0.012048193,0.273092369,-11.05805694
0.710843373,0.012048193,0.277108434,-11.01370074
0.706827309,0.012048193,0.281124498,-11.01370074
0.702811245,0.012048193,0.285140562,-11.01370074
0.698795181,0.012048193,0.289156627,-11.01048934
0.694779116,0.012048193,0.293172691,-11.01048934
0.690763052,0.012048193,0.297188755,-10.99138558
0.686746988,0.012048193,0.301204819,-10.94617645
0.682730924,0.012048193,0.305220884,-10.9442082
0.678714859,0.012048193,0.309236948,-10.9023955
0.674698795,0.012048193,0.313253012,-10.85725813
0.670682731,0.012048193,0.317269076,-10.83856231
0.666666667,0.012048193,0.321285141,-10.83789099
0.662650602,0.012048193,0.325301205,-10.82410477
0.658634538,0.012048193,0.329317269,-10.80161466
0.654618474,0.012048193,0.333333333,-10.78470744
0.65060241,0.012048193,0.337349398,-10.73911813
0.646586345,0.012048193,0.341365462,-10.66192607
0.642570281,0.012048193,0.345381526,-10.65564008
0.638554217,0.012048193,0.34939759,-10.6507031
0.634538153,0.012048193,0.353413655,-10.64363288
0.630522088,0.012048193,0.357429719,-10.52225191
0.626506024,0.012048193,0.361445783,-10.50458264
0.62248996,0.012048193,0.365461847,-10.4905853
0.618473896,0.012048193,0.369477912,-10.41797689
0.614457831,0.012048193,0.373493976,-10.40685484
0.610441767,0.012048193,0.37751004,-10.35268991
0.606425703,0.012048193,0.381526104,-10.35226362
0.602409639,0.012048193,0.385542169,-10.34497657
0.598393574,0.012048193,0.389558233,-10.30670123
0.59437751,0.012048193,0.393574297,-10.27391854
0.590361446,0.012048193,0.397590361,-10.27233318
0.586345382,0.012048193,0.401606426,-10.2523045
0.582329317,0.012048193,0.40562249,-10.22207632
0.578313253,0.012048193,0.409638554,-10.21399305
0.574297189,0.012048193,0.413654618,-10.14996199
0.570281124,0.012048193,0.417670683,-10.14661866
0.56626506,0.012048193,0.421686747,-10.14040089
0.562248996,0.012048193,0.425702811,-10.14027144
0.558232932,0.012048193,0.429718876,-10.14537107
0.554216867,0.012048193,0.43373494,-10.1405058
